50.0000006122449
0.6059912861649246
50.00920153724124
0.605905388857183
50.01840246223759
0.6058195179480783
50.036804312230274
0.6056478552757071
50.073608012215644
0.6053048461642656
50.147215412186384
0.6046200900808809
50.294430212127864
0.6032556042294588
50.58885981201084
0.6005465615416514
51.22725066247192
0.594762345096905
51.82333643268269
0.5894693479802062
52.40772936629163
0.5843783101831685
53.041653950595716
0.578962380334222
53.63327345464949
0.5740050467013007
54.274424609398395
0.5687354365800663
54.903882927545475
0.5636628552735502
55.491036165442246
0.5590187175646695
56.127721054034154
0.5540755350115569
56.722100862375754
0.5495454586434805
57.30478783411553
0.5451816604800408
57.93700645655044
0.5405309758866552
58.526919998735046
0.5362682743397611
59.16636519161478
0.5317290800801078
59.79411754789269
0.5273530476953172
60.3795648239203
0.5233415740155273
61.014543750643035
0.5190646920000904
61.607217597115465
0.5151404269847352
62.24942309428303
0.5109600175501845
62.87993575484877
0.5069265043395768
63.46814333516421
0.5032252302405102
64.10588256617477
0.49927776110480626
64.70131671693503
0.4956521284446464
65.28505803109346
0.4921525435248823
65.91833099594703
0.4884159394616667
66.50929888055029
0.48498386569963753
67.14979841584868
0.48132253492135163
67.77860511454524
0.47778571136878784
68.3651067329915
0.474537105728827
69.0011400021329
0.47106768404787824
69.59486819102399
0.4678781411049247
70.17690354331326
0.46479639564328845
70.80847054629766
0.46150163667046307
71.39773246903175
0.45847276320541797
72.03652604246098
0.45523744270272126
72.6330145356399
0.4522606075813125
73.217810192217
0.449382673324015
73.85213749948923
0.4463053815684783
74.44415972651115
0.44347410929466535
75.0857136042282
0.44044943607514997
75.71557464534344
0.4375229239298142
76.30313060620836
0.4348305802690917
76.9402182177684
0.4319514101248524
77.53500074907815
0.42930033866393214
78.11809044378607
0.4267352688058552
78.75071178918913
0.42398947176752677
79.34102805434188
0.4214614749301183
79.35132448142646
0.42141766980785006
79.36162090851104
0.42137387451828706
79.38221376268021
0.4212863134236638
79.42339947101853
0.4211113090772281
79.50577088769518
0.4207617709953274
79.67051372104848
0.4200645712145325
79.68081014813306
0.420021079058511
79.69110657521765
0.4199775966270649
79.71169942938681
0.4198906609244881
79.75288513772513
0.4197169060668094
79.83525655440178
0.4193698617923565
79.84555298148636
0.419326524828046
79.85584940857095
0.41928319753484883
79.87644226274011
0.419196571948483
79.91762797107845
0.4190234366827744
79.92792439816303
0.4189801769942678
79.93822082524761
0.4189369269502922
79.95881367941678
0.4188504557826732
79.96911010650136
0.41880723465240255
79.97940653358594
0.418764023153409
79.98970296067051
0.4187208212823832
79.9999993877551
0.4186776290360167