0.0006444933211725722
0.015517658121450097
0.006441076068868579
0.11202480498485586
0.012881723566308586
0.19780765006542003
0.019322371063748595
0.27349731639581865
0.0257630185611886
0.34256001643536577
0.03220366605862861
0.4066559451291289
0.038644313556068614
0.4667710682001642
0.05152560855094863
0.5775000139840758
0.057966256048388634
0.6289390844396162
0.06440690354582865
0.6781568166477021
0.07728819854070866
0.770781727306489
0.10305078853046869
0.9370244607974932
0.1094914360279087
0.9752756525292864
0.1159320835253487
1.0123727230668804
0.12881337852022873
1.0833719904671728
0.15457596850998875
1.2141257482885586
0.16101661600742878
1.244737024093684
0.16745726350486878
1.2745938940560335
0.18033855849974878
1.3321746739572284
0.2061011484895088
1.4395950432887845
0.21254179598694883
1.464981113980142
0.21898244348438883
1.4898228190314167
0.23186373847926883
1.5379495927988278
0.2576263284690289
1.6284546558966309
0.2640669759664689
1.6499726021432433
0.2705076234639089
1.671074753980423
0.2833889184587889
1.7120814351840297
0.30915150844854894
1.7896212071122317
0.315592155945989
1.8081343596428936
0.322032803443429
1.8263176636126288
0.334914098438309
1.8617293274743332
0.360676688428069
1.9289560626442783
0.41220186840758904
2.050568823100723
0.41918426833450706
2.0658605167151483
0.42616666826142513
2.080889514919168
0.44013146811526116
2.110183571840817
0.46806106782293333
2.1658735241169134
0.47504346774985134
2.179222878678675
0.48202586767676936
2.192352801766831
0.49599066753060544
2.217972746474756
0.5239202672382776
2.2667739219300933
0.5309026671651955
2.2784898228469626
0.5378850670921136
2.290019602712312
0.5518498669459497
2.312535189106262
0.5797794666536218
2.3554855980234977
0.635638666068966
2.4337501729440825
0.642621065995884
2.4428714148264454
0.649603465922802
2.4518540157548823
0.6635682657766382
2.4694126722189855
0.6914978654843102
2.5029663531087483
0.6984802654112283
2.511041441346979
0.7054626653381463
2.518995260832897
0.7194274651919823
2.534546854744028
0.7473570648996545
2.5642778116027887
0.7543394648265724
2.5714350235155434
0.7613218647534905
2.5784854224967573
0.7752866646073266
2.592272291533603
0.8032162643149987
2.61863401750997
0.8590754637303429
2.66683349043699
0.8655951518420233
2.672090206916329
0.8721148399537035
2.6772733958496375
0.8851542161770642
2.6874230518047577
0.9112329686237854
2.7068815811948053
0.9633904735172278
2.7426315396598078
0.9699101616289082
2.7468193975705293
0.9764298497405886
2.750947422352885
0.9894692259639492
2.759026928663384
1.0155479784106705
2.774499819939065
1.0677054833041129
2.802852530037974
1.074225171415793
2.806165965601674
1.0807448595274733
2.809430162959784
1.093784235750834
2.8158131589037354
1.1198629881975553
2.828013302679995
1.1263826763092355
2.83094864083051
1.1329023644209157
2.833839161681386
1.1459417406442765
2.8394878155051173
1.1720204930909977
2.850269620568261
1.178540181202678
2.852860521833736
1.1850598693143581
2.8554105522856643
1.1980992455377188
2.8603898475789498
1.22417799798444
2.8698779577032183
1.2763355028778827
2.887068002186729
1.2827273005892303
2.8890185429174435
1.2891190983005782
2.89093624813554
1.301902693723274
2.894674560161673
1.3274698845686652
2.901772403292941
1.3338616822800131
2.9034699045901884
1.340253479991361
2.905137275284665
1.3530370754140566
2.9083828993023113
1.378604266259448
2.914526383411508
1.3849960639707959
2.915991573599232
1.3913878616821438
2.917429083728564
1.4041714571048394
2.9202222200881556
1.4297386479502308
2.925488860149217
1.4361304456615787
2.9267405377256592
1.4425222433729263
2.9279667605994395
1.455305838795622
2.9303438936536508
1.4808730296410133
2.9348040989682107
1.487264827352361
2.9358593510437623
1.4936566250637089
2.936891173630459
1.5064402204864047
2.9388854883484825
1.5320074113317959
2.942603350340729
1.5383992090431438
2.9434777406270722
1.5447910067544917
2.9443305481230873
1.5575746021771872
2.945972289277999
1.5831417930225786
2.94900626211581
1.5895335907339265
2.949713993619876
1.5959253884452744
2.950401829290072
1.60870898386797
2.9517186128278574
1.6151007815793177
2.952347955054284
1.6214925792906656
2.9529581902222746
1.6342761747133614
2.9541221045602843
1.6406679724247093
2.9546761611106396
1.647059770136057
2.9552118654173576
1.6598433655587526
2.9562289497236516
1.685410556404144
2.9580508381845503
1.6923441065449696
2.958497270060221
1.6992776566857954
2.9589237882460004
1.7131447569674472
2.9597179396843245
1.720078307108273
2.960085994842695
1.727011857249099
2.960434980189862
1.7408789575307506
2.9610765588655057
1.7478125076715765
2.961369555066566
1.7547460578124023
2.9616442872643236
1.7616796079532282
2.9619009512004535
1.768613158094054
2.9621397403934764
1.77554670823488
2.962360846168379
1.7824802583757058
2.9625644576857653
1.7894138085165316
2.9627507619705256
1.7963473586573575
2.962919943940072
1.8032809087981834
2.9630721864320995
1.8102144589390092
2.963207670231922
1.817148009079835
2.9633265740993764
1.824081559220661
2.963429074795295
1.8310151093614868
2.9635153471075677
1.8379486595023127
2.9635855638768023
1.8448822096431385
2.9636398960215717
1.8518157597839644
2.9636785125632823
1.8587493099247903
2.963701580650649
1.8656828600656161
2.963709265583798
1.872616410206442
2.9637017308379923
1.8795499603472678
2.9636791380870044
1.8864835104880937
2.9636416472261202
1.8934170606289196
2.9635894163948002
1.9003506107697454
2.963522601998995
1.9072841609105713
2.963441358733122
1.9142177110513972
2.963345839601713
1.921151261192223
2.963236195940733
1.9280848113330489
2.963112577438584
1.9350183614738747
2.9629751321567896
1.9419519116147006
2.962824006550375
1.9488854617555265
2.9626593454879457
1.9627525620371782
2.962289988655744
1.969686112178004
2.9620855748676362
1.97661966231883
2.9618681896249646
1.9904867626004816
2.961395052213624
1.9974203127413075
2.9611395701018512
2.0043538628821334
2.96087165668525
2.018220963163785
2.9602990603240507
2.025154513304611
2.9599946360868614
2.032088063445437
2.959678297993573
2.0459551637270885
2.9590103826793968
2.073689364290392
2.9575370388012985
2.080622914431218
2.9571407565354964
2.0875564645720437
2.9567335314903613
2.1014235648536954
2.9558867146837877
2.129157765416999
2.95406677851427
2.135628603742587
2.953618517528631
2.142099442068175
2.9531614967418047
2.1550411187193514
2.952221521267821
2.1809244720217036
2.9502402068729197
2.2326911786264088
2.9458904297751345
2.239162016951997
2.9453119495590543
2.2456328552775853
2.9447259993692123
2.2585745319287613
2.9435319852723625
2.284457885231114
2.941057536642492
2.336224591835819
2.935778667608555
2.3426954301614074
2.935089194142856
2.3491662684869956
2.9343933579055985
2.3621079451381717
2.932982851779856
2.3879912984405243
2.9300882546200886
2.4397580050452294
2.924018240061622
2.5432914182546393
2.9108559013305446
2.5503040090097056
2.909919171046371
2.5573165997647713
2.908977057671484
2.5713417812749038
2.9070769226886948
2.5993921442951686
2.9032146743120357
2.6554928703356975
2.8952550252614313
2.767694322416756
2.8784900908194553
2.9920972265788732
2.842237150280272
3.4327180492818288
2.7643532588636117
3.84372531580957
2.6880649049676384
4.289404737823904
2.604887536086717
4.705470603663025
2.528646002018083
5.113351483880868
2.4561848793255017
5.555904519585304
2.3806762575094593
5.968843999114525
2.3133796457245985
6.41645563413034
2.2439484438459454
6.855882283524877
2.179296063032535
7.265695376744199
2.122029765731618
7.710180625450115
2.0630730357026987
8.125052317980815
2.0108514637719312
8.574596165998111
1.9571452540887726
9.015955028394128
1.9071502437231695
9.427700334614931
1.8627956173259663
9.874117796322327
1.81703754914039
10.29092170185451
1.7763642281694723
10.699540621765413
1.7382876322722496
11.14283169716291
1.698865123041784
11.556509216385193
1.6637339659420705
12.004858891094068
1.6273491468268104
12.445023580181665
1.5932307757937918
12.855574713094049
1.562748995900335
13.300798001493025
1.531065843164355
13.716407733716787
1.5027023353842748
14.12383248031927
1.475966992655505
14.56592938240835
1.4480854356437431
14.978412728322212
1.4230712035870403
15.42556822972267
1.3969819576927525
15.843110174947912
1.3735322374517578
16.252467134551875
1.3513504615889897
16.696496249642433
1.3281464264666696
17.110911808557777
1.3072519230870283
17.559999522959714
1.2853957513455296
18.000902251740374
1.2646922642342397
18.412191424345817
1.246018624664681
18.858152752437856
1.2264330312115468
19.27450052435468
1.208739736611866
19.682663310650224
1.1919224945754843
20.12549825243236
1.1742404861471676
20.538719638039286
1.15824579797299
20.545927136998493
1.1579710041141325
20.553134635957704
1.1576963516473555
20.56754963387612
1.1571474704452762
20.59637962971295
1.156051399860175
20.65403962138661
1.153866001208721
20.76935960473393
1.1495219774649263
20.776567103693136
1.1492516535594506
20.783774602652343
1.1489814675440138
20.79818960057076
1.1484415087530975
20.827019596407588
1.1473632411262178
20.884679588081248
1.1452132817466203
20.891887087040455
1.1449451512359137
20.899094585999663
1.144677156907485
20.913509583918078
1.1441415763743827
20.942339579754908
1.1430720448477614
20.949547078714115
1.1428050008390758
20.956754577673323
1.1425380921693473
20.971169575591738
1.1420046804271673
20.978377074550945
1.1417381771451898
20.985584573510152
1.141471808783117
20.992792072469364
1.141205575236456
20.99999957142857
1.1409394764008218